N = 3     k = 3.00662857142635
N = 4     k = 4.00051428571116
N = 5     k = 5.036028571427839
